<?xml version="1.0"?>
<opencv_storage>
<Distortion type_id="opencv-matrix">
  <rows>1</rows>
  <cols>5</cols>
  <dt>d</dt>
  <data>
    2.0683457678405333e+01 -1.6233858611842597e+03
    -2.0607468522895131e-01 3.0620042682731212e-02
    -2.2243202224203721e+01</data></Distortion>
</opencv_storage>
