<?xml version="1.0"?>
<opencv_storage>
<H type_id="opencv-matrix">
  <rows>3</rows>
  <cols>3</cols>
  <dt>d</dt>
  <data>
    1.9507809826196969e+00 4.7543344781968666e-01
    -8.5006031560716133e+02 -1.1256964902805883e-01
    2.2857240940660422e+00 1.9895747311798874e+02 1.4245945433111301e-04
    3.8996550384512788e-04 1.</data></H>
</opencv_storage>
